-0.235442
0.281687
-0.157998
-0.631478
-0.260920
-0.487895
0.258998
-0.044818
0.121172
0.016170
-0.238584
-0.279417
-0.013846
-0.104541
-0.083262
-0.149016
-0.034567
-0.592346
-0.037643
-0.288875
-0.329356
0.198375
-0.284118
-0.655715
-0.093744
-0.342428
-0.002775
-0.138982
0.330108
0.147379
-0.025176
0.442959
-0.233465
0.697175
0.106532
0.601405
0.570789
0.453839
-0.216242
0.115985
0.333174
0.490877
0.245542
0.081187
0.403945
0.027287
-0.090805
0.213469
0.401294
0.107268
-0.405377
-0.094092
0.214135
-0.294631
-0.122972
-0.470081
-0.191537
-0.155710
0.084837
-0.396132
-0.493811
-0.708569
0.123653
-0.110503
0.277670
-0.021985
-0.528541
-0.242550
-0.634272
-0.378275
-0.226782
-0.160534
-0.428408
-0.240570
-0.282962
-0.297028
-0.049714
0.121051
0.090821
0.274867
0.306032
-0.200899
0.112434
0.313170
-0.496122
-0.312783
0.007314
0.151371
0.057731
-0.202687
-0.466796
-0.326662
-0.313507
0.157407
0.451003
-0.321639
0.287983
0.358999
-0.381345
-0.052387
-0.514884
-0.088535
-0.461665
-0.691858
-0.429667
-0.105915
-0.393252
0.133702
0.125059
-0.320875
0.111964
-0.600962
0.109712
-0.317529
0.142805
0.255600
-0.405938
-0.074720
-0.710631
-0.037711
-0.178451
-0.259844
0.141112
-0.371921
-0.689547
0.713113
0.597972
0.507529
-0.001342
0.858448
0.859777
0.683825
0.395911
0.783036
0.240522
0.397476
-0.037699
0.542074
0.136040
0.233106
0.055999
0.388577
0.579648
0.717171
0.791971
0.900411
0.129044
0.115224
0.681092
0.154161
0.027652
-0.618815
-0.579868
-0.255604
-0.522678
-0.392289
-0.513400
-0.398482
-0.506448
-0.435569
-0.801926
-0.886917
-0.228811
-0.194090
-0.808232
-0.524660
-0.668107
0.048799
-0.261444
-0.418658
-0.401079
-0.512932
-0.084299
-0.001301
-0.755835
-0.570095
-0.475279
-0.353099
-0.480965
-0.652317
-0.229231
-0.429578
-0.260663
0.016726
-0.597210
0.016901
-0.354595
-0.010951
0.093494
-0.439656
-0.414946
-0.371947
-0.551286
-0.693098
0.166105
0.052426
0.077223
0.182812
-0.463271
-0.017890
0.516010
0.746268
0.836445
1.177435
0.682971
0.340590
0.398785
0.432086
0.344868
0.383605
0.761516
0.685043
0.417729
0.713504
0.284112
0.848635
0.481765
0.641914
0.470947
0.234732
0.312085
0.665571
0.921715
0.839142
0.381136
-0.464911
-0.290940
-0.731203
-0.574606
-0.699792
0.032376
0.152558
0.206226
-0.356077
-0.529727
-0.101803
-0.254044
-0.321584
-0.421795
0.091800
-0.404686
0.131862
-0.366288
-0.576814
0.097301
-0.668988
-0.242294
-0.424909
-0.203188
-0.535445
0.282303
-0.230108
0.247547
0.141504
-0.347839
0.477541
-0.414829
-0.047228
-0.337696
0.061483
0.275988
-0.430692
-0.008691
0.074458
-0.002307
0.397333
-0.503853
0.441851
-0.470353
-0.343611
-0.491979
-0.065900
0.002777
0.096520
0.227931
-0.245638
0.199179
-0.166714
-0.097945
-0.047858
-0.234814
0.577148
-0.132371
0.054324
0.091262
0.634462
-0.066798
-0.143458
-0.055455
0.534362
0.354480
0.420451
0.584751
0.370512
-0.011020
0.261733
-0.139324
0.430420
0.452499
0.383317
-0.243990
-0.137990
0.312997
0.431001
0.395013
0.039007
0.108008
0.203009
0.415010
0.330009
0.588009
0.221008
-0.244993
0.201008
-0.143991
-0.110986
0.537013
-0.175990
-0.202991
0.663010
-0.252985
0.494014
-0.092989
0.052008
0.313010
-0.094465
-0.278463
0.436540
-0.157460
-0.212459
0.560536
-0.235462
0.243538
0.165539
0.255539
0.152539
0.303540
0.305540
0.307543
0.606543
0.101537
0.198538
0.580539
0.640540
-0.198460
0.274529
0.415531
-0.060468
-0.126467
0.203534
-0.498641
-0.502641
-0.560637
-0.646637
-0.732650
-0.436641
-0.751641
0.008359
-0.351641
-0.215641
-0.609641
-0.242641
0.027359
0.161359
-0.574641
0.000359
0.177359
0.088359
-0.100641
0.066359
0.137359
-0.049641
0.195359
-0.184641
-0.397641
-0.614072
-0.144135
-0.421108
-0.563050
-0.181971
-0.318083
0.138823
-0.264166
-0.297120
-0.144031
-0.513054
-0.508131
0.265866
0.179874
0.228932
-0.161020
-0.193107
0.371898
-0.237111
-0.216057
-0.080991
-0.510118
0.082949
0.214034
-0.264900
-0.436619
-0.158397
0.314991
-0.022759
0.047976
-0.292874
0.117574
-0.151164
0.017915
-0.151120
-0.171490
-0.237168
0.361009
-0.147029
0.387989
-0.485722
0.109290
-0.395761
0.209158
0.187968
0.077682
-0.466403
-0.084511
-0.378616
-0.278941
0.196740
0.197642
0.569347
-0.072212
0.486081
-0.316961
0.597879
0.219503
0.360050
0.277219
0.604598
0.090569
0.001640
0.156080
0.585162
0.239351
0.116385
0.543268
0.262752
-0.306573
0.484129
0.313936
0.572999
-0.146384
-0.226264
0.013653
-0.246654
0.013264
-0.494395
-0.160519
0.086910
-0.541563
0.133924
-0.052856
0.308938
-0.514760
0.034423
0.121108
-0.280496
-0.349584
0.001550
-0.546224
0.002646
-0.059154
-0.118457
-0.107870
0.288702
-0.534155
0.013333
0.297955
-0.208962
0.124038
-0.456958
-0.343956
-0.115958
0.098037
0.098038
-0.614962
-0.294962
-0.145961
0.120037
-0.332962
-0.078962
-0.004962
-0.313962
-0.460963
-0.083963
-0.716963
-0.443963
0.118038
-0.684963
0.061037
-0.146963
-0.739963
0.175037
-0.181845
0.389394
-0.151105
0.481104
-0.329769
0.243292
0.430896
-0.186936
0.180007
0.245736
0.777399
-0.056455
0.133095
0.048400
0.346077
0.512668
-0.156695
0.067021
0.122422
0.504600
-0.120871
0.314952
0.009370
-0.049958
0.260332
0.074740
0.020740
-0.146256
-0.462252
0.242735
-0.205260
-0.198260
-0.193260
-0.127260
-0.287260
-0.213260
-0.625260
-0.514260
0.058740
-0.580260
-0.153260
-0.677260
-0.539260
-0.071260
-0.541260
0.237740
0.069740
-0.153260
-0.362260
0.004740
0.065742
-0.176420
-0.577635
-0.520673
-0.529661
0.181552
-0.106462
0.365401
-0.317621
0.242406
-0.000290
-0.101321
-0.383448
0.058530
0.101607
-0.241423
-0.594427
-0.433435
-0.115413
-0.364312
-0.440413
-0.062603
0.014426
0.308462
-0.013504
0.386142
0.500148
-0.085881
0.432098
-0.112903
0.657144
0.221145
-0.014878
0.104091
-0.219917
-0.070864
0.266143
0.330118
0.653092
0.546092
0.595123
-0.242846
0.227141
0.394112
0.228116
0.360117
0.451135
-0.055872
0.201106
0.667124
-0.375500
0.289099
0.212853
-0.117536
-0.413045
-0.123184
-0.324457
0.217378
-0.056197
-0.347526
-0.473037
-0.144432
-0.480611
-0.552320
-0.093715
0.144682
0.277736
-0.530677
-0.218305
-0.142550
-0.059062
0.322893
-0.617967
-0.058228
-0.623202
0.221556
0.028685
-0.236366
0.618881
0.299967
0.055966
0.103837
-0.319538
0.299523
0.206907
-0.030334
0.235975
-0.317870
-0.168478
0.362379
0.572501
0.514015
-0.221567
0.315974
0.577533
0.485903
0.083451
0.281198
0.405100
-0.268202
-0.173831
0.065690
-0.693766
-0.503439
-0.518876
-0.672264
0.139444
-0.095383
-0.503594
0.041500
0.194654
-0.383988
-0.489044
0.015184
0.211890
0.230392
-0.422165
-0.017990
-0.339808
-0.711155
-0.373921
-0.714618
-0.162919
-0.233816
-0.123255
-0.007569
0.442980
-0.160406
-0.418472
0.404287
-0.373333
-0.321582
0.434845
-0.433909
-0.092509
0.101776
-0.349650
-0.094195
-0.107527
0.184388
0.111710
0.287935
-0.137571
-0.402919
0.044874
-0.502492
0.199496
-0.368483
0.325565
0.488964
-0.689250
-0.400432
-0.038300
0.112503
-0.068938
-0.613892
-1.078402
-0.923454
-0.590352
0.214286
-0.333522
-1.109713
-0.415444
-0.631745
-0.018498
-0.248892
-0.385791
-0.374238
0.044915
-0.434777
-0.455146
-0.496624
-0.898813
-0.499906
-0.530268
0.450291
0.289122
0.618253
0.291561
0.235131
0.138283
0.106804
0.300065
0.199109
0.089828
0.006884
0.179528
0.063361
0.301482
0.838284
0.038106
0.146960
0.354108
0.253132
0.887955
0.670701
0.641412
0.911047
0.901510
0.558644
-1.272687
-0.707885
-1.107272
-0.478885
-0.371067
-1.444078
-1.077951
-0.374058
-0.309928
-0.583809
-1.082739
-1.478413
-1.496983
-0.706473
-0.086842
-2.352034
-1.200325
-1.185230
-1.249270
-1.061477
-1.162295
-1.467759
-0.960977
-0.957594
-0.625105
0.221815
-0.668228
-0.292826
-0.248075
-0.445860
-0.208328
0.246919
0.237138
-0.236070
-0.191118
-0.455945
0.201675
0.121549
-0.690833
-0.021733
0.220459
-0.502906
-0.651477
-0.546598
-0.178067
0.068577
-0.425824
-0.715859
-0.536154
-0.438585
0.282184
1.162474
0.309414
0.937376
0.694380
0.988473
0.599085
1.037172
1.176258
0.738834
0.314069
0.864870
0.306823
1.090549
0.255914
0.988941
1.168311
0.333334
1.156455
0.893626
0.315258
0.199120
1.133355
0.985160
0.925412
-0.344387
-0.668539
-0.517948
0.051521
-0.512486
-0.660883
0.163660
0.251721
-0.661082
-0.374896
0.120881
-0.583364
-0.435238
-0.565581
0.109523
-0.081295
-0.124902
-0.098634
-0.149482
-0.420800
-0.054989
-0.068805
-0.673773
-0.640205
-0.487659
0.153658
0.023911
0.160303
0.344165
-0.085283
-0.122862
0.307535
0.289755
-0.012790
0.215826
0.157822
-0.415121
0.173862
0.453198
-0.166099
0.186493
-0.467310
0.167739
0.225925
-0.430064
-0.181003
-0.083753
0.395449
0.382697
-0.363991
0.637027
0.457624
0.475913
0.128492
0.187500
0.497443
-0.040334
0.019732
0.293413
0.556613
0.019805
0.186328
-0.275275
-0.159713
0.277683
-0.153570
0.539929
-0.189545
0.268213
-0.053891
0.006940
0.705146
-0.142843
-0.235777
0.016529
0.395118
-0.089748
0.145850
0.363156
-0.205155
-0.200076
0.119080
0.645647
0.408023
0.383366
0.681888
-0.278053
-0.063035
0.148727
-0.085600
0.111416
0.605513
0.555554
0.347813
0.192950
0.208151
-0.102257
0.145685
0.304784
-0.171570
-0.349129
-0.229937
0.029531
-0.314392
0.547082
0.337674
0.150383
0.304896
0.503523
-0.231991
0.506737
-0.033169
0.284236
-0.037422
0.458611
-0.028019
0.056064
0.504112
0.161625
-0.082744
0.166039
0.350016
0.160970
-0.074924
-0.025122
-0.265737
0.224567
0.156926
0.179779
0.135365
-0.485865
-0.252081
0.237453
-0.009592
-0.425674
-0.183406
0.251203
-0.110146
-0.509216
-0.484202
-0.057302
-0.014491
0.134127
-0.287728
0.103794
-0.339846
-0.581468
0.013133
0.257093
-0.500839
-0.005383
0.065671
0.071379
-0.544200
-0.089117
-0.020977
-0.073318
0.038791
-0.063127
-0.357316
0.052938
0.384648
-0.083514
-0.012557
0.378590
-0.405369
-0.035897
-0.020018
-0.104393
-0.231191
0.348754
-0.225463
-0.259464
0.322372
0.316853
0.239570
-0.159601
-0.167437
-0.235398
-0.114688
0.116909
0.198707
-0.361076
0.060238
0.421151
-0.404326
-0.027496
-0.193921
-0.525269
-0.185193
0.090107
0.142170
0.451641
0.097501
0.068281
-0.244178
-0.445868
-0.374193
-0.143830
0.136261
-0.166455
0.516227
0.460148
0.027278
0.194997
-0.115337
0.272187
-0.201227
0.442573
0.563138
0.233762
0.550472
-0.117810
0.007990
0.152903
0.418997
0.186321
-0.189584
0.045539
0.213214
0.218508
-0.339088
-0.248404
0.477008
-0.335152
0.008203
-0.201018
0.195156
0.073981
0.088533
-0.340100
-0.329588
0.466819
-0.143019
-0.470245
-0.231556
-0.074193
0.010105
-0.077709
0.274581
0.278907
0.410135
0.052987
-0.317112
-0.108197
-0.006850
0.261874
0.371544
-0.137394
0.402815
-0.490342
-0.294902
-0.278132
0.224298
0.084009
-0.580279
-0.150580
-0.117411
0.098312
-0.092938
-0.476863
-0.062496
0.306832
-0.310497
0.082941
-0.199677
-0.673975
-0.015093
-0.257735
-0.265371
0.197593
0.052688
0.262111
-0.298930
-0.284863
0.360708
-0.311694
0.215592
-0.110693
-0.339767
-0.050533
-0.214245
0.417708
0.401226
0.265294
-0.328361
0.225858
-0.116717
0.203449
0.292524
0.013196
0.051224
0.458828
-0.072516
-0.491601
-0.288225
-0.328662
-0.227898
-0.177522
0.046703
0.184006
-0.019791
0.252725
-0.689287
0.080032
-0.516747
-0.611586
-0.540948
0.142334
-0.222796
0.212448
-0.378362
-0.220505
-0.021655
0.272203
-0.073841
-0.179713
-0.034691
-0.034468
-0.629636
0.268300
-0.505932
0.089248
0.146265
0.052054
-0.090001
0.341537
0.173099
0.085164
0.179003
-0.464528
-0.110584
0.018018
-0.037976
-0.370965
-0.270074
-0.288860
-0.103633
-0.258744
-0.053198
0.315083
-0.415309
-0.448228
0.086246
-0.390413
-0.323452
-0.065982
0.346750
0.155770
-0.050946
-0.047013
0.393081
0.451310
0.284716
0.126234
0.670267
0.513975
0.536466
0.060365
-0.192737
0.533381
0.440334
0.341904
-0.010770
0.023641
0.222550
0.459202
-0.142080
-0.342518
-0.163726
0.271458
-0.155072
-0.004311
-0.278864
-0.000127
-0.122745
-0.227224
0.651358
0.232443
0.433331
0.213815
0.337703
-0.030345
-0.033460
0.629830
0.454571
-0.068713
0.428342
0.352946
0.220173
-0.196240
0.087716
0.535931
0.456965
0.241747
0.584906
0.578035
0.675612
0.627605
-0.006055
0.394313
0.232918
0.201193
0.060464
0.295712
-0.286827
0.380312
0.418238
-0.103646
0.129023
0.100170
0.017449
-0.281244
0.223171
0.038465
0.515060
0.031163
-0.013309
-0.315631
0.573622
0.168110
0.077275
0.463327
0.377544
0.360276
0.080764
-0.119588
0.110979
0.118092
0.190515
-0.406905
-0.356264
-0.340706
-0.532624
-0.018005
-0.115976
-0.433566
-0.054856
-0.356651
-0.283502
-0.499082
-0.403985
-0.196379
-0.539562
-0.150279
-0.693642
0.157229
-0.517795
-0.663562
0.034830
0.037613
-0.105925
0.219815
-0.092789
0.104072
0.249685
-0.483621
0.184468
0.426385
0.186109
0.266546
0.092944
-0.078668
0.367859
0.010768
-0.302230
-0.168782
0.271479
-0.049725
-0.070286
-0.069632
-0.111872
-0.392043
-0.312636
-0.542757
0.009456
0.306530
0.323127
-0.007178
0.270572
-0.014888
0.020000
0.286627
0.278715
-0.122404
-0.330534
0.011859
0.043920
0.462242
0.465323
-0.277139
-0.479458
-0.335075
0.116207
-0.010855
0.280992
-0.259438
0.288537
0.089668
0.070500
-0.202877
0.051773
0.124081
-0.195109
0.095976
0.568494
-0.286324
0.021532
-0.340066
0.625961
-0.145663
0.122184
0.147306
0.026857
0.264481
-0.158700
-0.287839
0.364589
0.267645
-0.326835
0.396911
-0.318067
0.523989
-0.186867
0.326682
0.216157
0.433368
-0.047488
0.239935
0.453295
0.312042
0.363409
-0.103270
-0.041152
0.114966
0.402719
0.099727
-0.363880
0.180078
-0.301251
-0.468567
-0.112227
0.085069
-0.258767
0.018177
-0.493895
0.171320
-0.257334
0.382846
-0.251953
-0.182913
0.071432
-0.609365
-0.122374
-0.642687
-0.439635
0.187301
-0.064995
-0.577268
-0.158831
-0.695166
-0.169073
0.011873
-0.733821
0.007335
-0.671551
0.272376
-0.038663
-0.059095
0.033761
0.172162
0.101430
-0.121762
-0.637362
-0.125362
-0.314799
-0.290995
0.380351
-0.026590
-0.364738
-0.460075
-0.370585
0.414689
0.379618
0.213002
0.122275
0.438729
-0.394082
-0.089513
0.033706
0.000090
0.107971
0.393135
0.338465
0.249060
-0.052300
0.386857
-0.398873
0.145546
-0.450369
0.099919
0.223766
0.114117
-0.141240
-0.711629
-0.492743
-0.168671
-0.240789
-0.550396
-0.611346
0.222142
-0.518915
-0.312848
-0.584675
-0.675414
-0.667813
-0.627032
-0.189452
-0.499381
-0.194149
-0.650603
0.176775
-0.576658
-0.150314
0.176750
-0.103837
-0.356961
0.469110
-0.005075
0.265132
-0.389296
-0.186977
0.364207
-0.252503
-0.184882
-0.528345
-0.099992
0.383753
-0.099310
0.045243
0.340566
0.264635
0.115365
-0.258780
-0.312813
0.154454
-0.073935
-0.214346
0.022487
-0.167546
0.147155
-0.165728
0.311039
-0.007682
0.452568
-0.118535
0.077537
0.354393
0.208027
0.169699
-0.288534
0.260589
0.516228
-0.042980
0.492306
-0.000778
0.112359
0.493355
0.128219
-0.213480
0.077513
-0.209499
-0.273441
0.428787
0.504552
-4.238020
-1.225013
-0.241981
0.726074
0.750966
-1.339822
-1.511436
-2.242014
1.473982
2.627674
1.986967
1.660712
-0.282194
0.594055
4.066966
2.162230
1.537199
0.222186
0.606898
2.018858
1.370080
-1.302268
0.374044
1.031229
2.037117
0.307466
0.470304
-0.288569
0.359102
-0.162169
0.237449
0.095232
0.082377
-0.227031
-0.011294
-0.197772
0.068170
-0.138893
-0.299744
-0.207518
0.199502
-0.398820
0.127115
-0.044720
-0.345798
0.021549
0.472907
-0.399839
-0.030271
-0.133859
-0.296147
0.338881
0.129760
0.287889
-0.162906
-0.495759
0.458942
-0.194719
-0.320104
-0.067735
0.131275
-0.231429
-0.296793
0.093570
0.438810
-0.331434
-0.372034
-0.364305
-0.130569
0.139447
-0.523450
0.148860
-0.013313
0.238123
-0.448169
0.737203
0.724305
0.686958
0.567115
0.144428
0.142741
-0.183366
-0.570181
1.051375
1.414090
-0.567974
-0.596031
-0.456346
-0.541955
0.207524
-0.311406
0.164861
0.222498
-0.116011
-0.373164
-0.792226
-0.137344
-0.096503
-0.819981
-0.513464
-1.504479
1.631630
5.475799
5.085246
3.713111
-4.154784
1.503934
3.583917
2.104333
4.875785
0.734311
0.862721
2.834869
2.836286
3.834153
1.120873
2.233950
-0.644379
0.448947
1.888094
-3.630353
-1.801267
-1.599684
-5.090710
-3.968933
-5.971133
-6.301696
-4.294705
0.517225
1.458215
-1.539191
0.165076
-1.440215
-3.082130
-2.434974
-4.794468
-6.053593
-4.453656
-2.996547
-3.658586
0.353347
1.822740
0.075890
-2.159400
-0.959391
-1.145182
0.265609
3.279147
1.733428
-2.231224
2.932803
4.993647
3.425231
-1.010540
-1.811545
2.132790
2.326727
1.600807
-0.014324
2.932120
3.818392
2.785159
3.419352
3.288489
5.218372
1.024956
4.950316
4.193352
2.726996
4.454912
1.871042
5.985861
7.574844
0.650584
-0.313180
0.332426
0.194182
0.311071
0.153584
0.438414
-0.055121
0.218789
-0.442611
0.290499
0.020988
-0.337068
0.097374
0.324631
0.396719
-0.086757
-0.140235
0.036465
0.368593
0.450986
-0.443810
0.293739
0.243816
-0.337538
-0.018393
-0.449061
-0.931133
-0.636690
-3.383380
-1.445777
-4.930469
-7.906520
-2.506617
-3.646919
-2.942815
-4.078843
-6.287692
-4.092803
-5.292364
-3.239096
-3.392732
-4.829817
-4.752586
-7.091169
-3.772520
0.259788
-0.194756
3.367364
-0.225990
-1.459444
-1.237076
-0.387319
-0.068848
0.247617
-0.456534
0.211358
-0.487116
0.393487
-0.012691
-0.264077
-0.507559
-0.127553
0.205495
0.197304
0.136479
-0.233498
-0.166666
0.256471
-0.327712
0.391874
-0.210097
0.130191
0.475195
-0.296450
-0.395243
0.279254
5.758578
4.435506
2.404320
0.386629
-5.070799
0.745692
1.072639
0.666996
-0.095060
-4.499777
-1.631583
-3.095641
1.101613
0.751737
-4.026423
-5.376423
-3.954595
-3.082733
3.837977
1.186859
-5.790413
-2.406505
1.466928
4.935068
3.989381
-1.492464
-0.224690
-1.518788
-2.025073
-1.964757
-0.743586
-1.657890
-0.493210
-1.173369
-2.277740
-0.894600
-2.527682
-0.296509
2.072797
1.616431
-0.164048
-2.346589
-0.240208
1.004952
1.557670
-0.559034
-3.659289
-2.096447
-0.318319
0.903372
