0.663054
1.260614
1.238758
1.681482
1.604704
1.088984
0.949254
0.986222
1.627603
1.235846
0.973813
0.495627
0.566833
1.138564
1.265412
0.624733
1.107608
1.117010
1.044024
0.804579
0.664924
0.936629
1.267604
0.481025
0.914365
-0.336044
-0.220871
-0.035296
0.033228
0.283234
-0.363630
-0.019862
-0.088131
-0.217231
0.181633
-0.028369
-0.225045
-0.655862
-0.799317
0.183386
-0.339653
-0.162141
-0.692492
-0.603373
-0.156720
-0.574353
-1.051065
-0.491577
-0.866260
-0.122853
1.498663
1.331435
1.838058
2.794390
3.747119
0.733391
0.573236
1.225161
1.862071
3.696657
-0.751366
-0.828222
0.220028
1.511429
2.659798
0.008994
0.523809
2.001330
1.582240
2.949121
-1.183828
-0.288863
0.073390
0.143747
0.842977
-4.940688
-5.441220
-5.726665
-5.079402
-4.622867
-3.751301
-4.384118
-5.229368
-3.887427
-4.040189
-3.383322
-4.102394
-5.060866
-4.112901
-4.845007
-3.929483
-5.165513
-5.255520
-5.521985
-5.162835
-5.283445
-6.501245
-6.795048
-5.771105
-5.783881
-0.653001
-1.316157
-0.850760
-0.956710
-1.557035
-0.197398
-0.176350
-0.785514
-0.833403
-2.358630
-1.947721
-1.321567
-1.096622
-2.354292
-3.284191
-1.335517
-1.410950
-1.499546
-2.345475
-2.986928
-1.273364
-2.033199
-1.863415
-1.102306
-2.430689
-1.929560
-29.551642
-32.926222
-33.939332
-28.515238
16.387723
-9.588329
-30.167185
-26.875179
-21.985716
31.177807
8.593360
-3.561309
-17.980814
-15.617101
48.926734
17.766354
9.770236
2.838718
13.174193
52.485979
26.895535
7.637898
4.348392
13.861064
