0.216107
0.252440
0.356243
0.430671
-0.904661
-0.442352
0.044673
0.094884
0.165823
-0.291975
0.007080
-0.163474
0.752561
0.365007
-0.020421
-0.067273
-0.412280
0.253497
-0.205013
-0.206304
-0.260225
-1.422685
-0.218319
0.114144
0.436499
0.187787
0.295881
-0.207152
-1.010036
-0.566074
-0.165793
-0.645289
0.175262
-0.026888
0.145712
0.029195
0.218753
0.306708
0.158727
-0.286611
-0.047979
-0.606548
0.325166
-0.658555
-0.894152
-0.627424
0.095869
0.264862
0.034578
0.314800
0.195919
0.243436
0.302754
0.970548
-0.065880
-0.027798
-0.673661
-0.029412
-0.066758
-0.222145
0.264117
0.439590
-0.683319
-0.664684
-0.284407
-0.127943
-0.573859
0.200114
-0.468553
-0.236917
-0.949261
0.239786
0.219739
-0.269914
0.047402
0.044532
-0.308122
-0.410399
-0.609497
0.229754
-0.417403
0.119744
-0.293021
0.465907
-0.892382
0.192923
0.253469
0.073820
-0.540122
-0.229182
-0.234399
0.015577
0.030067
0.272258
-0.620003
0.093918
-0.296953
-0.343889
-0.006929
-0.214233
0.134204
0.009071
0.456362
0.304873
-0.017990
-0.234780
0.191855
0.334826
-0.659383
-0.567429
0.372902
-0.472159
0.209819
0.228953
0.301378
-0.102659
-0.529030
0.373525
-0.542700
0.287619
0.738351
-0.159914
-0.402407
0.231049
-0.003846
-0.046551
-0.260841
-0.805654
0.929539
0.618894
-0.261084
-0.359167
-1.849662
0.689147
-0.254241
1.004168
-2.145301
0.539261
0.011937
1.105644
1.259095
-0.482681
1.288175
-1.123827
-1.048518
-0.000290
0.121811
-1.853609
0.513340
-0.687278
0.564024
-1.230590
1.518519
0.419443
-0.300690
-0.271961
-1.041315
0.627743
0.810583
0.349273
-0.208371
-0.091508
-0.101481
-0.349051
-0.530971
0.048290
-0.038604
-0.906465
0.012795
-0.095202
-0.685923
-0.580731
-0.228637
-0.223072
-0.427939
-0.788997
-0.214376
-0.544548
0.000544
-0.261552
-0.484490
-0.499813
-0.085223
-0.210297
-0.727067
0.047796
-0.759396
-0.487943
-0.023235
-0.517925
-0.640102
-0.712954
-0.083632
0.097616
-0.113183
-0.063798
-0.590732
-0.221242
-0.423855
-0.741572
-0.186303
0.040456
-0.523507
-0.315173
-0.362886
0.080582
-0.595999
-0.249404
-0.393910
0.090057
0.045272
0.161186
-0.357256
-0.433359
-0.229445
-0.252452
-0.407767
-0.404213
0.113536
0.180888
0.000737
0.510049
0.000088
-0.050426
-0.276541
0.154012
0.011205
0.166985
-0.252042
-0.277277
-0.312984
-0.764304
-0.217917
-0.005808
-0.420478
0.106722
-0.357662
-0.488877
-0.536045
-0.017046
-0.446766
-0.693394
-0.051512
-0.187083
-0.260438
-0.529534
0.124940
-0.749972
-0.241155
-0.568162
-0.491878
0.065419
-0.340436
-0.726161
-0.078574
-0.597009
-0.154124
-0.593289
-0.253187
0.115881
-0.535239
-0.233567
-0.613647
-0.821824
-0.511799
-0.201075
-0.377248
-0.568466
-0.192578
0.115784
-0.870374
-0.310140
-0.361253
0.119201
-0.644009
-0.773543
-0.415387
-0.035012
-0.580251
-0.072756
-0.579941
-0.587374
-0.723161
-0.419810
0.160253
0.067370
-0.310050
-0.437690
-0.399765
0.144779
0.196440
-0.067092
-0.715412
-0.393336
-0.702298
-0.267368
-0.304680
-0.059821
-0.658609
-0.705121
-0.625567
-0.248808
-0.223722
-0.707386
-0.633634
-0.044812
-0.527335
0.062141
-0.736498
-0.667065
-0.718700
-0.417397
-0.228680
-0.006547
-0.306254
-0.050974
-0.035565
-0.272189
0.088672
-0.386611
-0.008966
-0.403729
-0.154719
0.171216
-0.453558
-0.463137
0.016374
-0.419267
0.055794
0.326759
0.342639
-0.485643
-0.266705
0.404783
-0.014118
0.143444
0.019906
-0.087145
0.055072
0.307942
-0.376373
-0.329853
0.071697
-0.215455
0.234865
-0.387023
0.066673
0.291140
0.326436
0.111741
0.351749
-0.304554
-0.184279
0.167894
-0.580194
-0.343351
0.244437
0.095316
0.302938
0.307468
0.109031
0.283391
0.087936
-0.347703
0.147632
-0.528600
-0.202427
0.319455
0.116468
-0.419356
-0.498643
-0.371498
-0.474479
0.129442
0.085199
-0.350370
0.127201
-0.330668
0.362298
-0.095185
-0.206311
-0.074939
0.176736
-0.013326
0.113017
-0.320620
-0.426483
-0.260542
-0.037528
0.145991
0.342325
0.135996
-0.459775
0.396134
0.133334
-0.222725
0.495500
0.284617
-0.293978
-0.035431
-0.238282
0.134127
-0.221513
0.464964
-0.375128
-0.101584
0.366046
0.186938
0.110494
0.173843
0.035804
0.351826
0.132670
0.132702
-0.281148
-0.145170
0.050002
0.165818
0.001888
0.227105
-0.384345
-0.091142
-0.299573
-0.356487
-0.547005
-0.184581
-0.431589
-0.030631
0.188608
-0.319886
-0.301206
0.390013
-0.074214
0.407143
-0.433812
0.114046
-0.049277
-0.112429
-0.447794
-0.375822
-0.039901
0.246103
-0.123928
0.037123
-0.174232
0.194299
-0.466890
0.350833
-0.119603
0.015226
-0.032009
-0.119472
0.002872
-0.426556
0.163551
-0.067870
0.065753
-0.066741
-0.130455
-0.055736
0.318791
-0.219555
0.171508
0.143227
0.199152
-0.125480
-0.302846
-0.502137
0.176594
-0.147281
-0.508134
0.198213
-0.167542
-0.010146
-0.284658
0.225256
-0.366914
0.375821
-0.415548
-0.457006
0.181247
-0.357549
0.101873
0.058700
0.131976
-0.015970
0.453741
-0.277264
0.373950
0.087581
-0.447767
0.368276
0.094335
0.340343
0.057828
-0.103223
-0.182316
0.090415
-0.378895
-0.171813
0.112947
-0.468146
0.260396
-0.069459
-0.245086
0.323691
0.118721
-0.286240
0.218080
0.277057
0.377121
-0.234701
-0.381549
0.076355
0.188431
0.094280
-0.628493
-0.137158
0.373282
0.236527
0.206474
-0.543484
-0.170552
0.001606
0.034349
0.016317
-0.111419
-0.456497
-0.073281
-0.369322
0.025759
0.208350
0.156291
0.349763
-0.038018
-0.510710
0.431032
-0.186573
0.440588
-0.372693
-0.450105
0.003837
-0.441553
-0.075280
0.395480
0.065023
0.154368
-0.093611
0.177022
0.542403
0.155194
-0.389038
-0.240096
-0.378582
-0.414482
-0.177119
-0.276736
0.185605
0.288583
-0.093091
-0.497907
-0.035414
-0.280915
0.300442
-0.122493
0.031518
0.357156
0.293896
0.425746
-0.184804
0.025076
0.502036
-0.131051
0.336143
0.370763
-0.307613
-0.336707
-0.551341
0.190816
0.189406
0.247914
-0.091431
0.362612
0.220544
-0.528609
-0.361444
0.136022
-0.084954
-0.245303
-0.604300
0.160460
-0.220245
0.367066
-0.092956
-0.314536
-0.580474
-0.510489
0.337431
-0.414049
-0.312027
0.163585
0.106718
-0.074799
0.110093
-0.528658
0.423260
0.372195
-0.459614
0.061310
0.233035
0.148154
-0.334314
0.453616
-0.566430
-0.395604
-0.493035
0.142552
0.344111
0.153869
0.174038
-0.317114
-0.380491
0.064028
-0.391468
0.248067
0.431338
-0.282755
0.372226
0.066279
-0.122207
0.391959
-0.047861
0.155005
-0.266924
-0.012891
-0.868123
-0.405657
-0.169070
-0.445458
-0.020486
-0.015620
0.176774
-0.405118
-0.444567
-0.950619
-1.434750
-1.108860
-0.445444
2.041730
-0.367392
-0.392432
0.234151
1.270634
0.528953
-0.081841
-1.228741
-2.225567
-0.391057
1.352934
-0.484284
0.903779
-0.684474
-0.957912
-0.153804
-1.737839
-1.035348
-1.060443
0.319766
-0.472433
-0.367468
0.923839
-0.620893
-0.355863
-0.603394
0.238201
0.290105
-0.525409
1.398047
0.113793
0.879295
0.001185
0.420961
0.019741
-1.686693
-0.312028
-0.347560
0.727192
-1.204312
-0.186643
-0.040860
0.995187
0.203551
-0.907577
0.830201
-0.381116
-1.355481
0.028523
0.826424
1.557286
-1.981211
-1.019416
1.224727
-0.307125
0.073825
1.515451
0.142271
-0.056414
0.179387
0.249400
0.262614
-0.638698
-0.979077
0.174092
0.912632
-0.005614
-1.424009
0.290539
-0.030411
-0.069170
0.540934
-0.411111
0.026319
-0.781235
-2.315262
-0.010501
-1.248487
0.718704
2.682063
-0.292603
-0.720066
0.897664
3.960531
-0.761631
0.477796
0.154954
-1.885379
-0.662052
0.356691
-0.140331
-2.655724
-0.184041
-0.666293
0.920785
1.770383
0.366106
-0.433158
0.434575
3.508481
-0.030960
-0.952166
-0.434951
-0.346358
1.612219
1.024845
-0.575335
-1.095545
-1.231542
-1.881521
-0.558908
-0.503304
0.652849
-0.964241
-1.082064
-0.160935
-1.479733
-0.467383
-0.058918
0.831773
-0.738397
0.203356
0.830275
3.414761
0.624185
1.748143
-0.638347
-2.260171
-1.286448
-0.018755
-1.131065
-4.630621
-0.919385
0.254458
-1.256079
1.750907
-1.347926
-0.227832
0.904696
2.077374
0.384328
-0.564437
-1.241961
-2.099402
-1.311616
0.085104
0.607579
-4.024073
-0.453625
-0.219944
0.282142
-1.393433
-1.911241
0.269091
0.760992
0.439860
-0.125406
0.341197
0.397853
1.045272
-1.867316
-0.696348
-0.085928
-0.487103
-1.079040
-0.924909
-0.520230
0.559696
-1.320220
0.371276
-1.288636
-0.274915
-1.278635
-0.484108
0.560338
1.272138
1.229017
1.295767
0.728032
1.379942
-0.308666
0.838031
0.721544
-0.302828
2.262054
-0.008397
-0.354619
-0.544977
-0.281303
0.024989
-0.334708
0.152449
-1.394515
0.237243
0.118731
1.105077
-1.288673
0.355321
-0.114116
-0.582506
5.608057
0.471640
-0.340026
-0.526778
-0.122862
-0.411360
-1.180209
-1.427772
1.640469
-0.176087
-0.291605
-2.642900
1.996689
-0.735612
-0.598606
1.063361
-0.453831
-1.625081
-0.434297
-0.495430
0.163712
-0.105536
-0.595675
-0.032129
-0.318415
0.020303
-0.124550
0.087790
-0.267473
-0.281539
0.237373
-0.032576
0.285836
0.515325
0.427759
0.106575
0.277860
-0.225701
-1.125785
-2.121807
-0.722021
-0.563929
0.808760
0.248267
3.329815
0.435088
-1.787406
0.349372
-0.505714
0.662071
0.135959
0.868153
-0.135251
-0.511588
-0.312926
-1.879027
0.180279
0.071981
-0.254447
-0.596811
-3.334781
-0.119323
1.066012
-0.163134
1.765165
-0.459551
0.562360
1.473694
-0.410913
0.453775
-0.186007
0.706527
1.335951
-0.617457
-0.013680
1.101482
-0.969522
0.272041
-0.282846
-1.607419
-2.310247
0.785488
-0.110421
-1.572926
0.375857
1.037329
0.347106
0.006179
1.896302
0.958764
-0.439499
-4.001465
-2.874661
1.137759
0.955430
0.681602
-3.321519
-0.023609
-0.773269
-0.280772
0.913844
0.506561
0.806397
2.232566
1.991813
0.539752
-0.060487
-0.231264
1.179040
0.454012
0.608457
-1.377381
-0.638812
-1.455640
-1.658758
-1.700974
-0.247180
0.080652
-1.033237
-0.690999
0.825787
1.730393
1.861374
0.104280
-0.183631
1.723905
3.625850
0.100965
2.409427
0.494226
-1.193075
-0.654613
1.009513
-0.768863
-1.982067
-0.435033
0.178199
-0.764825
-0.281896
-0.000166
-0.377495
-1.438531
-3.200083
-1.651166
0.318182
0.038227
0.026373
-0.159202
2.258108
0.182606
-0.228055
-0.984663
0.696474
-0.449401
-1.052376
-0.710275
-2.349691
-0.639397
0.734736
3.913074
-0.905787
-1.122778
-0.017674
0.183126
-1.169325
-0.149569
0.541711
-1.061887
-0.881363
-0.164048
0.120810
-0.577771
0.519632
-0.195250
-1.174272
-3.739504
2.207563
1.429396
1.360928
-0.267230
0.377167
0.621425
0.406435
-1.320775
-1.487508
-0.765316
-0.726155
-0.305608
-2.487490
-2.098593
-2.351000
-0.806971
-0.508133
-1.211762
-0.788851
1.930369
-1.158100
-1.162680
0.814144
2.382069
-1.078123
-1.446884
0.853423
-0.403460
0.601064
-0.805098
-0.781395
-1.073131
0.146993
-0.281179
-0.323274
0.915805
0.472586
0.541981
0.484229
3.466012
0.572766
0.962899
-0.724450
0.348079
-2.754178
0.588308
0.699401
-0.511288
-3.080976
-0.842706
-0.627098
-0.512964
-1.044121
0.836583
-1.555856
-0.991121
2.005962
-0.064801
0.039900
0.206776
-0.190124
-0.202082
-1.748748
-0.623395
0.321589
0.884869
0.087980
-0.593418
1.211162
0.985913
-0.481256
-2.548228
0.665059
1.391215
-0.049470
0.541590
-3.424060
2.105276
0.803854
-2.587347
1.524491
0.952827
-1.256650
-1.986738
-2.116213
-1.005743
0.112427
-2.907891
-2.263579
-1.445238
-0.131459
0.255930
5.323752
1.492339
0.000457
0.617278
0.437771
0.400688
-0.460862
0.259993
0.116484
0.003570
0.446166
-0.271744
-0.381063
0.124957
-0.268288
0.354736
-0.380696
0.068736
0.308308
-0.167216
-0.434197
-0.473662
-0.179590
-0.015631
-0.090409
-0.409533
0.368013
-0.132371
0.258806
-0.278531
-0.039356
0.052614
0.352893
0.352184
-0.548610
-0.356743
-0.412950
0.129218
0.247858
-0.367514
-0.320991
-0.291681
0.166603
-0.073711
-0.177403
-0.620425
-0.069044
0.062335
-0.345270
-0.172353
-0.255738
0.022616
0.137061
0.430964
-0.462894
0.484441
0.331062
-0.254313
0.036332
0.263716
0.292150
-0.190504
-0.240517
-0.449000
0.228016
0.485268
-0.038143
0.054729
-0.248411
0.059507
-0.326056
-0.046817
-0.314957
-0.196087
-0.203824
-0.398432
-0.164120
-0.452398
-0.165314
-0.421815
-0.492387
-0.446497
-0.470255
-0.430712
0.204164
0.267255
0.087141
0.310603
-0.090033
-0.151390
0.161872
0.390297
0.125943
-0.169360
0.094494
-0.199378
-0.443918
0.319681
0.077038
0.449384
-0.051255
0.044653
0.050822
-0.040116
0.225919
-0.207316
-0.499937
-0.306627
0.106146
0.254946
-0.172251
-0.282286
-0.458698
0.327425
-0.231964
-0.408217
-0.084626
0.314517
-0.188722
0.402343
0.082195
0.200184
-0.382727
0.034507
0.237818
-0.334544
0.112518
0.378571
-0.562994
0.174539
0.117515
-0.329955
0.185201
0.063548
-0.149541
-0.471359
0.229973
0.223887
-0.329667
0.301594
0.351762
0.377845
0.013312
0.280307
-0.263470
-0.339416
-0.594434
-0.348721
0.345583
0.303691
0.410456
0.335766
-0.258722
0.070083
0.291960
-0.082786
-0.037330
-0.429255
-0.225129
0.214087
-0.328465
0.431261
-0.400099
0.049549
-2.044913
-0.562074
1.295791
0.667250
1.193257
0.893785
0.649923
1.362690
-1.289386
-1.334167
-0.320194
0.347159
-0.224392
-1.019792
-2.146913
-0.973690
-4.976879
-1.238274
0.465623
-1.454889
-1.596979
0.704286
0.097717
4.201457
-2.011840
0.204489
0.654285
0.326217
-0.498967
-0.157760
2.022155
2.929994
1.531205
1.298364
-0.194745
0.229802
-2.155129
-0.722047
-1.347968
-0.615388
-1.615608
-0.911407
0.117972
0.363534
0.840650
-0.498086
-0.098536
-2.563568
3.169584
1.999885
-0.525928
-0.163344
-2.670162
-0.605664
-1.186164
-2.228281
-0.508283
1.071390
-0.225802
-0.438266
-1.243581
-0.578275
-0.291299
-0.780649
-1.530024
-1.308632
-1.634939
-0.635461
-0.404816
-0.169094
-0.663751
-0.223320
1.123844
0.374656
-0.048440
-0.272207
1.616150
1.127365
1.515997
0.615915
-0.591384
-0.034205
0.313888
-1.221023
0.398418
0.451384
-0.119619
-1.271500
3.848996
1.737467
-0.993488
0.233585
0.696805
0.492645
-0.583839
-1.006637
-0.908248
0.465526
0.001307
-0.751800
0.162515
-0.229913
-0.418149
-1.160788
-3.431808
-1.401930
1.225819
0.066950
1.045437
-2.322140
0.135522
0.598326
4.359161
1.248991
0.274244
0.650562
1.110573
-0.422463
-0.341728
1.665802
-0.305223
-1.022418
-1.292103
-0.759117
-1.844068
-0.451745
0.886241
-0.037448
-1.972373
-0.948036
0.188227
1.422303
1.513772
-0.156129
-0.554748
-5.286989
-4.199601
-1.946525
-0.018307
1.005220
-0.040741
-1.159302
-0.527377
1.400100
-4.480550
-1.426424
0.101297
1.471420
1.069079
-0.304610
-0.103602
-0.705087
2.919980
0.885486
-0.383132
-0.727292
-1.653561
-0.152685
-1.888349
-1.863606
0.123156
-0.283319
0.080899
-0.328599
0.481879
-0.043536
-0.353589
-0.487222
0.193388
0.001840
-0.469682
0.349153
0.034323
0.311443
-0.140798
0.148414
-0.296839
-0.224293
0.389762
0.154785
0.397370
0.059623
-0.271327
0.074395
-0.245549
-0.260799
-0.375976
-0.120482
-0.105540
-0.355217
-0.503076
-0.373801
0.466135
-0.152131
-0.273979
0.129422
0.360867
0.339114
-0.524386
-0.414874
-0.040750
0.424996
-0.031376
0.282673
-0.247589
0.353275
0.239729
0.450925
-0.200989
0.389521
-0.008777
-0.425857
0.050857
0.272989
-0.187067
-0.327492
-0.432129
-0.282873
0.363788
0.332256
-0.260113
0.411004
-0.249853
-0.038588
0.008986
-0.349932
-0.410098
-0.254088
-0.268374
0.421251
-0.392677
-0.228632
-0.131462
-0.078691
-0.241656
-0.342385
0.147817
0.482956
-0.260712
-0.376805
0.216170
0.397030
0.194187
-0.321689
-0.353442
-0.165492
-0.159943
0.417736
-0.388225
0.045151
-0.410255
0.328516
0.080368
-0.104750
-0.006372
0.301557
0.124721
0.346706
0.300400
0.204684
0.210038
-0.291423
0.040704
0.430707
0.180635
-0.003673
0.259130
-0.300508
0.084527
-0.333617
-0.201176
0.379013
-0.297119
0.024746
-0.436240
-0.243734
-0.053519
0.169589
0.452731
-0.102755
-0.028818
0.246319
-0.026000
0.253388
-0.123875
-0.397974
-0.452100
-0.231019
0.424174
-0.420880
-0.421192
-0.009353
0.140563
0.299355
-0.260141
0.034687
0.452298
0.152660
-0.440471
0.124655
0.211581
-0.140616
0.194497
-0.536949
-0.078070
0.173338
-0.449538
0.398623
0.196799
-0.190949
-0.011871
-0.383540
0.323195
-0.216438
0.420432
0.030289
-0.459567
0.307286
0.368357
0.236664
0.315306
-0.854060
-0.039720
-0.547509
1.351471
0.186154
0.478106
0.751028
-0.181036
-0.949170
-1.207629
-1.533823
0.531125
-0.505764
-0.455468
-0.736182
-2.825357
-1.485025
-0.312499
0.296255
-1.080988
1.470310
1.217532
0.595474
-0.672472
0.001528
-0.160175
0.160077
0.610163
1.256669
0.084611
0.233087
-1.194232
-0.116615
0.245011
-0.619393
-1.844412
0.033028
-0.175359
0.448782
0.855153
-1.060550
0.452682
1.956537
1.775624
-0.118781
-0.086540
-0.929086
0.429370
1.513666
-0.063463
-0.970312
-3.163786
-1.291821
0.023094
0.682575
1.504380
0.893808
0.248409
-0.771206
-2.550095
-0.191221
0.749627
0.276860
-0.028049
-0.321036
-0.415678
0.031738
0.011588
-0.426065
0.259433
-0.365087
-0.032887
-0.458186
0.299352
0.181691
1.235399
0.678030
0.981549
0.485264
-0.207160
0.222349
1.159515
-0.685080
1.787255
-0.030354
-0.706236
-1.196297
1.115204
1.871029
0.547848
-2.117902
-1.953086
-0.323158
-0.083184
-0.360612
-0.128381
-0.478061
0.336476
0.672679
-0.706300
-0.822412
-0.200607
-0.194490
0.231010
-2.766930
-0.646934
-0.284435
2.649651
0.015264
-0.235837
0.028205
2.368436
0.746028
0.922896
-0.125797
-0.013483
-0.341629
-0.222351
-0.358430
-2.563512
-2.174339
-0.115349
-0.336956
0.767710
-0.335874
0.087252
0.758035
-1.377755
-0.545965
0.107487
-0.742520
-1.911285
-2.453300
0.499783
1.851462
-0.337134
-2.107739
1.340689
0.723055
0.982583
1.785889
0.033746
-0.129302
-1.005036
-0.110663
-0.629477
0.230360
3.231223
1.132107
0.061044
0.509536
-0.108087
1.335963
-0.678641
2.313782
-3.326921
-2.708685
-0.831425
-0.019133
0.734686
-0.072455
-0.366400
-0.067126
-0.366979
-0.032670
-0.437174
-0.365925
-0.082930
-0.621814
-0.214153
0.070923
-0.751597
-0.510288
-0.721248
-1.030844
0.944428
-0.229886
-0.807204
-0.348294
-1.086040
0.247034
-0.189846
-0.081692
0.407626
0.276476
0.794094
-0.583772
0.594157
0.336747
0.829240
1.039319
0.089951
0.394848
-0.224215
-0.428238
-0.305368
-0.279710
-0.259953
-0.908805
-0.057546
-0.542092
0.125253
-0.496872
-0.081900
-0.409795
0.119372
0.695647
-0.169086
0.336523
0.004696
0.003093
0.580665
0.636356
-0.296437
0.305759
0.066930
-0.194541
-0.414937
-0.584134
-0.184029
0.240738
-0.188176
-0.726844
-0.945306
-0.169863
0.019069
0.107415
-0.867347
-0.645957
-0.762206
-0.525096
0.165296
0.003571
-0.352767
0.326057
-0.404518
-0.349560
0.533842
0.952776
0.102985
0.553396
0.584442
-0.504394
0.667955
0.165989
-0.068826
0.206081
0.158709
-0.321747
-0.594019
-0.941869
-0.150023
0.722001
0.053007
-0.545291
-0.155512
-0.262027
0.422420
0.309495
0.049624
-0.400593
0.250758
0.200488
-0.343685
-0.234093
0.070425
-0.576561
-0.141692
-0.629686
-0.133980
-0.361428
-0.047224
0.248927
0.558404
-0.288457
0.526594
0.233970
0.108501
-0.200254
-0.205224
0.262471
0.092408
-0.155277
-0.637323
-0.652388
0.002983
0.509920
-0.929671
0.395972
0.051173
0.169759
-0.180640
0.761969
0.304917
0.607178
1.206781
-0.249728
0.327832
-0.268031
-0.556459
-0.618356
-0.441462
-1.047568
1.624668
-0.347420
-0.650519
-0.885874
0.112303
-0.182841
0.398137
-1.458077
-0.479204
-0.313678
0.252244
1.254270
-0.181967
0.811619
-0.407063
-0.408147
